695
517
463
669
515
752
473
540
714
522
520
503
537
532
525
531
588
608
619
653
583
645
699
583
672
491
560
628
490
597
551
586
557
525
520
544
572
584
628
509
415
508
490
655
515
692
682
424
572
711
596
742
697
764
503
784
594
628
564
576
626
536
531
621
513
520
512
501
640
518
436
622
607
681
592
403
575
605
591
524
580
535
523
582
483
656
645
607
523
472
565
470
568
502
615
530
400
637
629
514
667
519
620
440
661
692
620
582
544
509
696
620
684
445
583
528
510
551
732
684
642
646
628
584
680
585
564
504
541
468
536
421
648
517
497
539
553
453
531
593
481
648
539
452
482
501
552
729
641
531
585
589
554
518
585
617
724
495
590
613
628
688
566
570
481
576
411
501
649
539
710
560
678
650
569
587
487
671
701
481
585
627
675
565
523
573
585
730
522
574
485
530
537
543
587
553
558
572
457
549
569
602
604
568
681
545
438
583
599
565
716
458
578
518
528
542
600
544
601
522
568
595
600
496
667
603
546
545
519
644
629
651
707
657
583
489
636
574
690
599
606
562
630
618
568
678
595
600
459
573
616
538
593
488
578
720
572
653
544
567
695
624
548
561
607
719
513
549
529
500
567
587
561
570
614
643
590
662
549
595
494
487
484
587
605
874
545
641
696
489
721
553
482
480
574
561
615
520
535
511
719
607
528
481
635
653
521
687
559
674
683
636
668
674
628
445
674
559
654
595
635
643
774
615
584
629
554
628
542
485
607
513
646
496
446
485
694
601
685
418
565
496
598
553
559
654
564
558
679
551
691
688
640
708
639
576
594
515
505
587
588
517
658
694
630
542
633
589
587
589
649
550
602
680
594
598
620
555
508
691
576
467
593
558
623
495
536
546
443
522
468
669
573
570
566
503
500
566
525
529
553
523
552
644
583
546
479
568
592
610
553
678
537
546
623
635
711
641
551
528
599
546
634
634
695
552
534
576
659
408
607
562
616
418
510
629
527
479
623
557
529
447
614
639
581
518
491
656
559
604
584
498
591
613
523
662
592
485
577
459
673
511
536
597
534
529
555
583
551
491
628
641
555
575
720
419
714
622
652
510
570
499
578
556
648
602
592
694
467
705
510
675
747
428
665
626
720
598
507
630
608
510
604
526
590
641
568
600
496
446
509
517
618
606
589
548
653
533
544
532
692
497
596
648
508
525
500
616
598
524
655
579
655
613
505
520
522
635
570
587
579
522
558
634
456
514
613
618
437
394
494
462
648
779
685
594
579
576
709
534
479
528
611
624
634
574
465
585
626
685
621
509
575
606
598
509
539
626
680
608
554
583
580
646
633
518
547
612
717
616
552
620
540
605
513
609
527
602
638
586
447
627
488
676
521
600
519
556
582
548
474
756
620
563
512
637
474
527
680
708
605
456
541
555
454
519
664
543
653
551
583
590
448
466
559
581
556
502
558
707
456
545
689
579
536
590
592
436
598
621
648
564
585
465
558
613
596
564
491
685
643
615
645
644
438
549
526
462
596
550
500
454
387
646
650
658
571
491
672
542
666
520
547
648
610
580
593
628
682
448
474
641
441
640
682
451
484
534
489
618
586
524
564
490
507
540
474
522
700
657
568
570
662
489
579
562
648
594
605
593
586
569
588
476
826
504
480
582
493
457
486
604
660
531
599
498
545
533
547
524
684
728
579
701
534
570
506
636
541
557
775
511
620
560
441
736
415
478
550
582
662
497
650
545
610
459
441
605
578
574
572
669
523
680
647
568
593
589
445
652
618
544
634
497
573
560
615
469
598
589
605
599
499
483
471
538
559
496
687
641
557
674
723
568
458
499
511
588
672
613
586
708
579
619
486
532
637
583
545
628
595
730
422
534
510
561
535
532
630
606
581
576
621
474
520
467
513
547
617
525
570
613
604
526
559
521
552
504
427
516
692
581
576
675
619
573
586
694
686
597
579
637
785
599
574
688
466
647
583
586
605
611
701
549
546
545
518
616
709
651
727
614
461
610
521
534
578
714
541
492
663
479
789
578
509
566
496
615
623
605
622
541
523
639
527
637
604
598
537
590
538
418
555
570
588
572
543
500
561
478
592
685
532
597
560
708
542
553
698
618
472
541
564
623
588
600
585
598
544
607
697
588
401
558
523
504
589
608
378
664
650
567
484
507
568
453
547
678
672
509
489
542
517
580
662
491
675
594
634
641
628
603
497
507
527
508
645
600
615
593
621
648
458
486
575
694
654
567
577
499
550
564
627
615
608
594
604
583
660
588
15355
14720
15555
15047
15990
16210
14520
14689
15035
13465
13497
14956
14004
13439
15091
16382
12926
15564
15248
15375
